28209.874643112318
27356.659985060283
24741.592146397605
21684.935147199714
19084.957009326823
16941.416237988382
14995.254215126226
13211.274427050452
11619.4125911645
10291.172106020962
9240.78692462473
8367.740076683138
7565.475711924457
6801.378602097822
6083.86684044261
5468.360354657982
4984.036786471856
4596.165603971152
4262.221065837091
3957.2194520236903
3680.245265118344
3434.021301580721
3222.445916269299
3037.270877719653
2870.5226845173634
2719.7530888900646
2577.7947369726944
2442.2614497955674
2324.283416608294
2199.1102934790297
NaN
