0 0
1.000000000000000021e-03 2.530450071069105888e+01
1.035321843295662538e-03 2.613621196942317937e+01
1.071891319205127554e-03 2.699355438813973862e+01
1.109752496412072130e-03 2.787717400742035068e+01
1.148951000187308554e-03 2.878772262710475616e+01
1.189534067370319513e-03 2.972585126767496178e+01
1.231550603292826162e-03 3.069221465477517441e+01
1.275051240713012809e-03 3.168746920272912604e+01
1.320088400831418048e-03 3.271226723328918240e+01
1.366716356462005988e-03 3.376726178675933454e+01
1.414991297434575876e-03 3.485310217534067334e+01
1.464971398307286267e-03 3.597042919723811849e+01
1.516716888470922469e-03 3.711987995875176694e+01
1.570290124729377445e-03 3.830207715054971374e+01
1.625755666443793376e-03 3.951762486251436002e+01
1.683180353330956556e-03 4.076711678693408203e+01
1.742633386009650835e-03 4.205112930181884678e+01
1.804186409392071833e-03 4.337022037956540998e+01
1.867913599020782755e-03 4.472493005090184681e+01
1.933891750455230159e-03 4.611576212122159291e+01
2.002200371815584384e-03 4.754318844898357099e+01
2.072921779595371904e-03 4.900765337766094376e+01
2.146141197858403554e-03 5.050956231717950118e+01
2.221946860939523916e-03 5.204928497798971421e+01
2.300430119772916854e-03 5.362715122649774457e+01
2.381685551976158062e-03 5.524343452189085468e+01
2.465811075822603882e-03 5.689836094529762534e+01
2.552908068239516468e-03 5.859210332777461616e+01
2.643081486974105387e-03 6.032476801348082063e+01
2.736439997074671757e-03 6.209640330530714891e+01
2.833096101839324091e-03 6.390698941114898446e+01
2.933166278390045463e-03 6.575642845476171772e+01
3.036771118035457451e-03 6.764455190346468783e+01
3.144035471591500111e-03 6.957110143432106497e+01
3.255088599835056357e-03 7.153572153455770888e+01
3.370064329271928172e-03 7.353797041617463037e+01
3.489101213406773684e-03 7.557729763421875191e+01
3.612342699709430310e-03 7.765304312219872429e+01
3.739937302478797687e-03 7.976444250084946930e+01
3.872038781812556923e-03 8.191058840403972852e+01
4.008806328898464194e-03 8.409044181183728028e+01
4.150404757850476717e-03 8.630283853007729533e+01
4.297004704320839599e-03 8.854645071483705010e+01
4.448782831127585241e-03 9.081980684320519970e+01
4.605922041145103958e-03 9.312129232110017085e+01
4.768611697714469390e-03 9.544912335501139466e+01
4.937047852839003374e-03 9.780136495368647331e+01
5.111433483440165799e-03 1.001758679238125325e+02
5.291978735958441891e-03 1.025701728334175158e+02
5.478901179593945181e-03 1.049816288796941279e+02
5.672426068491977225e-03 1.074075532390746730e+02
5.872786613189483196e-03 1.098453224162846737e+02
6.080224261649421272e-03 1.122921627581897042e+02
6.294988990221887619e-03 1.147445154113706849e+02
6.517339604882419792e-03 1.171979448724173380e+02
6.747544053110693212e-03 1.196477622065224011e+02
6.985879746785249485e-03 1.220894457675350537e+02
7.232633896483533706e-03 1.245185643071201866e+02
7.488103857590022727e-03 1.269305160238461241e+02
7.752597488629464108e-03 1.293205571483481151e+02
8.026433522257174491e-03 1.316837968945155239e+02
8.309941949353395751e-03 1.340150684053284920e+02
8.603464416684501043e-03 1.363084113846281582e+02
8.907354638610439843e-03 1.385574796518632468e+02
9.221978823334321326e-03 1.407556747667869104e+02
9.547716114208055702e-03 1.428959808597456629e+02
9.884959046625585791e-03 1.449711747648739788e+02
1.023411402105453213e-02 1.469737756890548894e+02
1.059560179277615859e-02 1.488959154058489105e+02
1.096985797892383561e-02 1.507295951010530928e+02
1.135733358343105071e-02 1.524665852346366819e+02
1.175849554052156402e-02 1.540983743567728368e+02
1.217382727739661427e-02 1.556164195834938653e+02
1.260382929679727468e-02 1.570117642600522174e+02
1.304901978014402254e-02 1.582750714716517280e+02
1.350993521198026563e-02 1.593970927151546562e+02
1.398713102647237971e-02 1.603684201809181786e+02
1.448118227674533715e-02 1.611796618461964101e+02
1.499268432786045671e-02 1.618216874792661315e+02
1.552225357427047120e-02 1.622852610325744820e+02
1.607052818261638441e-02 1.625613997015803420e+02
1.663816886076128349e-02 1.626416163886366348e+02
1.722585965398786695e-02 1.625176872134980783e+02
1.783430876931909465e-02 1.621820366382154361e+02
1.846424942895543569e-02 1.616279367638900339e+02
1.911644075385701691e-02 1.608495514282589056e+02
1.979166867853556291e-02 1.598420972689349071e+02
2.049074689815847186e-02 1.586021170929405741e+02
2.121451784910629787e-02 1.571277355033016647e+02
2.196385372416545870e-02 1.554184301396453805e+02
2.273965752357927361e-02 1.534758544073255280e+02
2.354286414322416532e-02 1.513041546212513992e+02
2.437444150122220626e-02 1.489089422534419214e+02
2.523539170434765944e-02 1.462989541977933072e+02
2.612675225563327805e-02 1.434857782747494639e+02
2.704959730463134260e-02 1.404822691727007395e+02
2.800503894183630979e-02 1.373055745792110258e+02
2.899422853882876669e-02 1.339754197550938954e+02
3.001835813575589110e-02 1.305122713974564874e+02
3.107866187782012263e-02 1.269416793098256449e+02
3.217641750250735400e-02 1.232904248279890140e+02
3.331294787934673679e-02 1.195850430449686996e+02
3.448962260405757929e-02 1.158559527272998224e+02
3.570785964900462933e-02 1.121325233457144748e+02
3.696912707195026265e-02 1.084437648211880685e+02
3.827494478516311333e-02 1.048228858465005402e+02
3.962688638701478139e-02 1.013002800734870732e+02
4.102658105827192148e-02 9.789954699645326741e+01
4.247571552536898165e-02 9.463565623289063922e+01
4.397603609302719319e-02 9.152075736963637098e+01
4.552935074866947679e-02 8.857250738086342778e+01
4.713753134116724364e-02 8.581573763293286561e+01
4.880251583654431069e-02 8.326999151569718549e+01
5.052631065335679711e-02 8.092152316323299033e+01
5.231099308056260527e-02 7.873715226603714257e+01
5.415871378079470388e-02 7.668662285003529178e+01
5.607169938205457810e-02 7.474266481155930819e+01
5.805225516094898730e-02 7.287930533165592806e+01
6.010276782070381879e-02 7.106482779186822540e+01
6.222570836730228344e-02 6.926653260262058609e+01
6.442363508721370147e-02 6.744805906252915406e+01
6.669919663030121626e-02 6.557189438358408040e+01
6.905513520162327723e-02 6.359440512272500001e+01
7.149428986597576585e-02 6.147512973329317987e+01
7.401959996915641327e-02 5.919798486526065062e+01
7.663410868007454468e-02 5.676597577977674547e+01
7.934096665797492343e-02 5.420596408864641091e+01
8.214343584919425734e-02 5.156312152247232916e+01
8.504489341802677627e-02 4.889684319193444395e+01
8.804883581643460633e-02 4.627165994298240292e+01
9.115888299750818380e-02 4.374629734142264681e+01
9.437878277775381408e-02 4.137088590095964946e+01
9.771241535346496254e-02 3.919006757062268065e+01
1.011637979766207007e-01 3.723598046085459146e+01
1.047370897959449682e-01 3.552562800053444647e+01
1.084365968689609827e-01 3.405006751559689349e+01
1.122667773510813566e-01 3.277471161245253484e+01
1.162322468679851811e-01 3.163923511824392776e+01
1.203377840777589275e-01 3.057515468758130339e+01
1.245883364295008178e-01 2.951531907201206195e+01
1.289890261253308079e-01 2.840641131174626111e+01
1.335451562929898806e-01 2.722123756031110631e+01
1.382622173764654905e-01 2.595877165719046431e+01
1.431458937523478470e-01 2.465119562420062849e+01
1.482020705798858529e-01 2.334364765776632566e+01
1.534368408930011640e-01 2.208498353975335604e+01
1.588565129428052836e-01 2.092329297875575023e+01
1.644676177994662813e-01 1.989725693931045569e+01
1.702769172225899463e-01 1.900214122264970484e+01
1.762914118095947891e-01 1.820973324433445129e+01
1.825183494319042588e-01 1.747601616524061185e+01
1.889652339691209604e-01 1.676275735983696080e+01
1.956398343517062877e-01 1.604149324495613271e+01
2.025501939230666404e-01 1.530701120364190260e+01
2.097046401323232889e-01 1.457196692571807617e+01
2.171117945694503171e-01 1.386781354321786885e+01
2.247805833548725263e-01 1.321153261863388728e+01
2.327202478960407328e-01 1.261652566254442753e+01
2.409403560239524456e-01 1.206903259096310421e+01
2.494508135230316670e-01 1.155723614318491599e+01
2.582618760682675041e-01 1.106442685241677104e+01
2.673841615839946395e-01 1.058027972623306745e+01
2.768286630392063907e-01 1.011016508854912921e+01
2.866067616948250185e-01 9.667723931577839380e+00
2.967302408188869367e-01 9.249556681156649418e+00
3.072112998861756261e-01 8.863266532492808381e+00
3.180625692794118997e-01 8.496607211311083319e+00
3.292971255097147942e-01 8.145786228161567166e+00
3.409285069746810781e-01 7.809308002908074364e+00
3.529707302730650254e-01 7.488337633726172449e+00
3.654383070957254454e-01 7.186762034197595739e+00
3.783462617131929107e-01 6.902407895579043995e+00
3.917101490809256625e-01 6.633065732788831603e+00
4.055460735840827891e-01 6.374741948599969454e+00
4.198707084443910054e-01 6.128765282243715085e+00
4.347013158125022092e-01 5.896493086378712611e+00
4.500557675700497251e-01 5.677133841012615534e+00
4.659525668664677434e-01 5.467787097849987177e+00
4.824108704165368522e-01 5.267510855133947345e+00
4.994505115855140120e-01 5.077855862241385410e+00
5.170920242896754893e-01 4.897766289426868980e+00
5.353566677410723784e-01 4.725563092284377653e+00
5.542664520663102001e-01 4.561111945196673290e+00
5.738441648302392561e-01 4.404575603351744029e+00
5.941133984965033532e-01 4.255121641355517070e+00
6.150985788580497493e-01 4.111774029238206118e+00
6.368249944718585853e-01 3.974687486516020218e+00
6.593188271333542128e-01 3.843339592475974342e+00
6.826071834272385841e-01 3.717283841216723506e+00
7.067181273927490848e-01 3.596101140773535487e+00
7.316807143427191962e-01 3.479436069170080970e+00
7.575250258771912826e-01 3.366961834250963737e+00
7.842822061337682005e-01 3.258378070610024491e+00
8.119844993184008874e-01 3.153408854574335063e+00
8.406652885618325355e-01 3.051796706382202018e+00
8.703591361485156774e-01 2.953284049592883154e+00
9.011018251665018353e-01 2.857629232811955244e+00
9.329304026284686024e-01 2.764612818536258398e+00
9.658832241158697984e-01 2.674036118472568280e+00
1.000000000000000000e+00 2.585719864898758491e+00
