# k1 k2 k3 mean_[k mean_pk_smooth
0.005 6.854669065616588341e+03 5.228343695763303003e+03
0.015 8.024364261834072749e+03 7.442416350225444148e+03
0.025 7.188840219151774363e+03 6.746806416797622660e+03
0.035 5.631014600268582399e+03 5.675638909796268308e+03
0.045 4.459000266126275164e+03 4.708583302845908293e+03
0.055 3.804101897877605097e+03 3.916797014204501011e+03
0.065 3.361206143900084953e+03 3.283890762371241635e+03
0.075 2.920050764911678925e+03 2.778991770433445254e+03
0.085 2.435049000914889803e+03 2.373837195956490632e+03
0.095 1.995485519355329643e+03 2.045860196859092639e+03
0.105 1.692834392545384162e+03 1.777782755415169277e+03
0.115 1.514540725552934418e+03 1.556530345011193958e+03
0.125 1.390231803998221039e+03 1.372205970899830618e+03
0.135 1.264810595785857686e+03 1.217275903421433213e+03
0.145 1.113976352001496025e+03 1.085959874530952902e+03
0.155 9.666368548924372135e+02 9.737837414290844436e+02
0.165 8.563926699340941013e+02 8.772530220212214545e+02
0.175 7.771752898100431821e+02 7.936141412454704778e+02
0.185 7.204707095185050321e+02 7.206788270971893553e+02
0.195 6.670853235560960002e+02 6.566939863847114793e+02
0.205 6.093282231777337756e+02 6.002444803929898853e+02
0.215 5.517912009274069760e+02 5.501798577527696352e+02
0.225 5.010845935211325468e+02 5.055586670591686698e+02
0.235 4.604089995219795810e+02 4.656057752046781957e+02
0.245 4.274904019452555985e+02 4.296793876919549007e+02
0.255 3.982394603852370096e+02 3.972453662561429724e+02
0.265 3.702306390784126506e+02 3.678570795010698475e+02
0.275 3.420614601201667142e+02 3.411394816675166908e+02
0.285 3.164870718195844006e+02 3.167764467601135721e+02
0.295 2.938200527210425435e+02 2.945006272090291191e+02
