# k1 k2 k3 mean_[k mean_pk_smooth
0.005 1.260455232465057946e+02 1.046788002602407346e+02
0.015 1.540665448668347040e+02 1.448380703101998108e+02
0.025 1.389811309771913557e+02 1.307609396431086566e+02
0.035 1.094368677609340921e+02 1.102419133719349844e+02
0.045 8.715027886147048264e+01 9.198677651290849155e+01
0.055 7.508001001487396309e+01 7.715825768342070035e+01
0.065 6.684050919597207496e+01 6.536456891303203065e+01
0.075 5.871244577275306398e+01 5.598659131728748406e+01
0.085 4.968345290673056525e+01 4.847561414848264860e+01
0.095 4.142885948111224081e+01 4.240016596055730247e+01
0.105 3.580486767690145200e+01 3.743304736065599769e+01
0.115 3.252645343513234621e+01 3.332836350380213020e+01
0.125 3.023598869610716378e+01 2.990098223145255929e+01
0.135 2.789282560569814606e+01 2.701060965924848034e+01
0.145 2.508383823259762124e+01 2.455002621876143465e+01
0.155 2.231669146278066407e+01 2.243653630422467060e+01
0.165 2.021150932732420813e+01 2.060577075001894798e+01
0.175 1.869284141225474016e+01 1.900717857678024103e+01
0.185 1.760499833112558576e+01 1.760072557794028469e+01
0.195 1.653217259261174021e+01 1.635445685881767730e+01
0.205 1.540002718868058018e+01 1.524268133522685886e+01
0.215 1.427427111226299949e+01 1.424460731030508853e+01
0.225 1.327648935434027422e+01 1.334330791660834770e+01
0.235 1.244250573595241605e+01 1.252492987106079703e+01
0.245 1.173574935182383960e+01 1.177808326157773600e+01
0.255 1.111259213166224136e+01 1.109336717956654184e+01
0.265 1.049349978714687204e+01 1.046299813954441404e+01
0.275 9.890647548714767368e+00 9.880516896836008200e+00
0.285 9.341323048392091266e+00 9.340555522507321129e+00
0.295 8.826640787335820804e+00 8.838651134386239505e+00
