# k1 k2 k3 mean_[k mean_pk_smooth
0.005 3.993977218905522264e+00 3.305581738159500738e+00
0.015 4.693291257106738890e+00 4.398318959761797764e+00
0.025 4.308581687200977228e+00 4.068685220980698070e+00
0.035 3.526746081113882436e+00 3.549162783389707698e+00
0.045 2.952773179933004144e+00 3.076469728101315138e+00
0.055 2.634060388465345071e+00 2.687078407800128854e+00
0.065 2.413930870888253644e+00 2.373903212707449750e+00
0.075 2.188365154524214429e+00 2.122337324221773347e+00
0.085 1.953306468122085526e+00 1.918818306242082716e+00
0.095 1.722867176734329764e+00 1.752448198666285206e+00
0.105 1.570411461641353590e+00 1.614852014305142802e+00
0.115 1.475508159096744487e+00 1.499677083441544267e+00
0.125 1.411308839943840487e+00 1.402107301310828724e+00
0.135 1.346822793368893878e+00 1.318473534709055706e+00
0.145 1.261914720909275367e+00 1.245960105301363585e+00
0.155 1.177980651166977477e+00 1.182388607061517938e+00
0.165 1.113822519252418486e+00 1.126059669200200730e+00
0.175 1.066955256975744559e+00 1.075636963834023074e+00
0.185 1.030586702190881443e+00 1.030061731742773157e+00
0.195 9.947492933846250329e-01 9.884893443478683928e-01
0.205 9.548136376073600440e-01 9.502418402475663051e-01
0.215 9.146580928092998830e-01 9.147721146189483621e-01
0.225 8.785643693448521585e-01 8.816366722913449028e-01
0.235 8.472992801976806376e-01 8.504747245836352665e-01
0.245 8.194458249149917384e-01 8.209920238864247821e-01
0.255 7.940126137872438594e-01 7.929482653715873575e-01
0.265 7.674382277416889053e-01 7.661471958858121489e-01
0.275 7.414813584806099200e-01 7.404287933077239314e-01
0.285 7.150433156800488632e-01 7.156630412308915279e-01
0.295 6.911964473417263610e-01 6.917449416916757743e-01
